0.19600582
0.044461913
0.10874867
0.24898812
0.20750645
-0.10858643
0.105565384
-0.016817467
-0.011468762
0.04562206
0.01600484
0.16158594
0.084559746
0.013519446
0.04931814
0.037074927
0.16600879
-0.022795362
0.0347853
-0.09489953
-0.28366554
0.07262429
0.09604847
-0.08246278
0.25219497
-0.1615962
0.0050842795
-0.020798206
0.1703088
0.16326208
0.01721638
0.04201806
-0.098642856
-0.2200885
-0.038656905
0.017372109
0.13669896
0.13359776
-0.043036312
-0.033589195
-0.11650589
-0.15777977
-0.18958558
0.21675283
-0.056628022
-0.048674922
-0.13919948
0.08638782
-0.17932197
-0.023637809
-0.09949628
0.04298917
-0.056756124
-0.13118136
-0.003131359
0.04759243
0.0073908023
0.03360799
-0.070480235
-0.040304575
-0.07471783
-0.039950352
-0.090349585
-0.19180918
0.019714016
-0.044642325
-0.18113315
0.051420253
-0.10081093
0.0057717105
0.081010066
0.014331435

